40
   0  78 370 302 471 232 405 106 481 203 114  88 268 380  17  32 291 113  91 211 128 265 282 192 260  57 269 334 186 362 311 147 385  84 161 171 183 130 169 256
 284   0 212 452 240 310 136 195 176  93 298 186 367  14  38 344 236  89  77  89 122 492  54 265 385 261 248 302 187 141  46 152 221 302 452 403 306 229 397  94
 432 164   0 431 202 104  50 255 370 318 326  83  96 295 251 359   7  92 370 290 279 459 211 298 202  88 497 250 466 403 469 309 387 446 137 389 457 289 315 467
 221 452 389   0 181 445  79 361  76  31  95 196 275  98 445  11 241   7 464 228 133 178 499 196 361 491 367 200 172 142 200 338 485 167 430 233 431 232 318  52
 249 300 481 238   0 492 436 382 412 487  28  37 237 291 472 388 346 158 245 164 300 159 214 231 386 106 404 253 352  69 459 219  12 324 373 335 483 429  11 119
 393 460 390   2 124   0 315 132 362 241  15 278 311 188   4 359 284 454 488 205 430 488 331 230 455 298 146  60 103  51 174 171 458  58   6 446 120 235  61 185
 297 302 408   1 126 428   0 244 371 363 417 339  67 373 205  34 497 424 426 187 408 384 302 333 449 184 391  85  39 102 418 114 103 410 217 418 346 469 350 153
 136 453 184  69 181 227 226   0 389 368 401 147 256 310 179 177  37 247 281  28 336 146 269  67 332 100 221 307 321 481 206 231 201 152 340  39 374 212 213 190
 485 267 480 336 493  59 497 356   0 124 474 382 486 401  67 468 101 414  29 378 316  25  11 136 487  51 158 247 193 302  91 158 468 333 399  43 105 288 318  64
 191 424  19 147 183 285 243 322 160   0 200 303 348  48 380 335  15  52 238 195 170  94 228 151 318 174 381  19 334 200 153 276 298  34  31  20 262 143 102 140
 291 285 123 376 148  84 142 108 135 253   0   6 285 108  95 104 383 438 443 176 367 157 344  77  82 305  71  88 115  98  51  50 372 371 210 127 127  51 228  48
  69 259  22 305   2 411 377  34 379  44  88   0 375 137 179  65 179 324  70 171 242 432 479 457 421 136  92 475 415 223 247  22 331 178 242  71 465 461 325 464
 318  77 417 286 480 241 356 147 289 220 138 481   0 311 342  40 212 372 497  37 355 490 214 478  39  85 488 480  34 368 172  34  44 429 213 240 249 385 404  43
 408 321 483 427 186 256  75  95 427 266 106 124 275   0 250 409 139 330 175 440 321 329 485 160   1 228  89  70 466 177 337 286 437 423 303 112 155 371 415 427
 273 352 427 172 451 247 187 117 181 227  48 216  82 124   0 303 466  34 449 330 399 272   3 451 338 398  47 496 238 416 345 382  94 324 224 349  71 354 424 453
 276  97  70 303  93 225 359 234  45 482 148  35 228  20 426   0 140  13 498  76  52  39 418 195  29 150 283 252 111  92 342  74 368 496 266 357  43 419 364  37
 216 141 139 326 153 315 269 340 204 345 153 471 391 167 397 299   0 304 151 368 459 150 156 222  37 483 416 463 370 115 420 341 481 352 361 341 286 442 104   8
  24 438 307 194  73 457 151 248 306 225 162 418 487 408 259 376 159   0 323 400 464 109 402  85 482 188 279 346 491  73 144 451 126 340  42  23  56 345 223 369
 391 124 177 245  15 330 218 133 174 109  48 340 159  49 487  21 189 196   0  33  45 231   9 267 400  67 198 328  54 423  30  71  80 414  79 425 312 463 170 131
 158 315 478 188   9 471 366 446 104 459 177 325 242  62 190 102  72 406 140   0 225 403 164  72 475  47   8 158 396 317 498  21 251 246 222 239  48 227 264 467
 398 260 474 270  23 328  88 448 197 383 488 264 447  80  88 334 477 175 130 145   0 410 155  64 158 142 179 485 226  92 384 468   2 388 330 380 117 146  46  35
 431 220 421 343  43 175 175 201 354 221 434 441 445 455  37  34 217  14 274 347  10   0  35 182 254 403 329 328 394 252  13 177 226 450 376 133  52 224 472 292
 207  79  99 334 190 247 411  50 297 111 223 136 280 480 469 116 249 297 312 213 480 270   0 301 169 304 312 411 500 383 400 235 430 411 163   5 318 436 222   8
 403 186 461 164 168 119 273  90 487 102 447  99 410 175 464 272 414 288 446 184  90 232 250   0  93  82 350 365 359  92  53 349 333 188  21 135 218  28 248   4
  32  85 121 442   7 333 385 372 176 336  54 388  10 399  27 234 254 264 481 182 324 105  93  92   0 112 386 414 494  82 297 499  12 251 247 395 241 422 114 360
  40 193 399 351 396 399  71 374 379 292 132 224 209 249 241 301 442 417 369 328 204 474   1  98 423   0  65 270 331 279 336 105 420 339 305  98 332 137 165 374
 227 312 366 152 422 153  38 353 415  66 269 366  76 284 311  66 326 328 266 109 409 359 178 221 297 186   0 116 387 137 233 422 157 166 308 321 354 332 360 435
 110 260 447 211 286 176  88  13 111 195 370 314 127 240 105 435 251 222 307  18 343 239 304  19 131 435 337   0 383 156  62 243  22 435 482 207 422   6 100 329
 271 424 386  16 317  80  24 251 463  98 402 378 165 206 118 441 404   7 394 376  65 111 337  89 479  31 283 394   0 409 254 482 399 236 382 276 259 197 216 218
 443   7 219 202 302 388 287  78 368 434 371 381 170 306  88 294 177 456  14 473 389 179 134 214 381  51 413  44 217   0 137 463   1 145 469 154 148 251  61  64
 211  39 487 295 187 201 288 257 108 157 326 107 243 262 161  83 243 365  96 238 439 476 114 158  79 408  49 360  85 420   0 378 489 419 486 383  88 180 120 191
  96  16 200 352 412 155 467 493  35 338 498 202  50 104 151 288 419 196 219 110 439 335 443  44  54 102 370 300 489 406 141   0 101 219 371 461  99   9  55  86
 447 402  52 439 228 363 357 112 395 412 458 352 488  91  58 131 394 424 160 434 295 237 314   1 111 387  64 381 151 330  70  88   0 492 178 417 335 135 284 470
 181 198   3 228 222 102  63  18  26 153 406 298  88 343  12  57 482 411  62 452 206   8  64 302 467 281  15 496 141 418 123  15 280   0 417  80 119 202 178 398
 368  97 180  99 134 285 211 408 403 421 174 478 311  20 496  41 344 409 336 465 440 101 439 174  64  19 252 176 334 312 337   5 369  31   0   9 447  10 330  21
 160  47 464 192 498 498 198 232 376  20  60  75 470 387 204 223 201  50 354 174   7 240 305 389  78 468 255 325 261  52 430 444 339 158 287   0 246 426 447 275
 143 297   8   6 189 174 333 178 227 143 321 200 458 378 297 374 141 424  51  74 487 329 210   2 158  90 488 142 253 140 355 455 325  90 415  62   0 404 310 172
 278 384   9 305 259  41 395 398  40 419 171 176 252 115  11  62 367 183 238 250 430  95 477 330 470 285 114 316 450 410  64 380  18 403 371 470 430   0 359 411
 353 441  39 248 402  32  80 340 348 316 198 449 138 137  10 238 422 275 156 428 449 412 199 487 247 490 311  65 171  58 322 405 190 481 370 333 264 129   0  61
  51 303  51 379 219 460 289 363 358 384 422  56  12 214 422 291 329  13 256 464 434 339  56 218  62 268 405 403 114  37 325 296  23 458   6  73 466 148  59   0
